39 0.206805 0.437244 0.008876 0.083220
39 0.217456 0.445430 0.012426 0.091405
39 0.285503 0.436562 0.012426 0.081855
39 0.296154 0.435198 0.013609 0.087312
39 0.307101 0.440655 0.011834 0.103683
39 0.197633 0.523192 0.013018 0.069577
39 0.210651 0.538881 0.010651 0.076398
39 0.224556 0.530696 0.010059 0.100955
39 0.257692 0.548431 0.017160 0.081855
39 0.209763 0.613915 0.015976 0.087312
39 0.230178 0.626194 0.016568 0.081855
39 0.288462 0.613915 0.007692 0.065484
39 0.299112 0.616644 0.011243 0.068213
39 0.308284 0.612551 0.010651 0.081855
