0 0.196769 0.226027 0.033468 0.169863
0 0.078188 0.263699 0.049048 0.168493
0 0.532602 0.621233 0.055395 0.215068
0 0.860358 0.603425 0.057703 0.341096
56 0.226774 0.353425 0.042701 0.123288
56 0.147432 0.758219 0.099827 0.220548
56 0.117426 0.593151 0.087132 0.175342
56 0.357473 0.230137 0.039815 0.104110
56 0.323139 0.361644 0.038084 0.106849
56 0.404212 0.233562 0.029429 0.100000
56 0.579342 0.223973 0.030006 0.105479
56 0.641662 0.220548 0.031160 0.098630
56 0.798327 0.573288 0.060589 0.198630
